0 0 2
0 0 2
0 0 2
0 0 2
0 0 2
0 0 2
0 0 2
0 0 2
0 0 2
0 0 2
0 0 2
0 0 2
0 0 2
0 0 2
0 0 2
0 0 3
0 0 3
0 0 3
0 0 3
0 0 3
0 0 3
0 0 3
0 0 3
0 0 3
0 0 3
0 0 3
0 0 3
0 0 3
0 0 3
0 0 3
0 0 3
0 0 3
0 0 3
0 0 3
0 0 3
0 0 3
0 0 3
0 0 3
0 0 3
0 0 3
0 0 3
0 0 3
0 0 3
0 0 3
0 0 3
0 0 3
0 0 3
0 0 4
0 0 4
0 0 4
0 0 4
0 0 4
0 0 4
0 0 4
0 0 4
0 0 4
0 0 4
0 0 4
0 0 4
0 0 4
0 0 4
0 0 4
0 0 4
0 0 4
0 0 4
0 0 4
0 0 4
0 0 4
0 0 4
0 0 4
0 0 4
0 0 4
0 0 4
0 0 4
0 0 4
0 0 4
0 0 4
0 0 4
0 0 4
0 0 5
0 0 5
0 0 5
0 0 5
0 0 5
0 0 5
0 0 5
0 0 5
0 0 5
0 0 5
0 0 5
0 0 5
0 0 5
0 0 5
0 0 5
0 0 5
0 0 5
0 0 5
0 0 5
0 0 5
0 0 5
0 0 5
0 0 5
0 0 5
0 0 5
0 0 5
0 0 5
0 0 5
0 0 5
0 0 5
0 0 5
0 0 5
0 0 6
0 0 6
0 0 6
0 0 6
0 0 6
0 0 6
0 0 6
0 0 6
0 0 6
0 0 6
0 0 6
0 0 6
0 0 6
0 0 6
0 0 6
0 0 6
0 0 6
0 0 6
0 0 6
0 0 6
0 0 6
0 0 6
0 0 6
0 0 6
0 0 6
0 0 6
0 0 6
0 0 6
0 0 6
0 0 6
0 0 6
0 0 6
0 0 7
0 0 7
0 0 7
0 0 7
0 0 7
0 0 7
0 0 7
0 0 7
0 0 7
0 0 7
0 0 7
0 0 7
0 0 7
0 0 7
0 0 7
0 0 7
0 0 7
0 0 7
0 0 7
0 0 7
0 0 7
0 0 7
0 0 7
0 0 7
0 0 7
0 0 7
0 0 7
0 0 7
0 0 7
0 0 7
0 0 7
0 0 7
0 0 8
0 0 8
0 0 8
0 0 8
0 0 8
0 0 8
0 0 8
0 0 8
0 0 8
0 0 8
0 0 8
0 0 8
0 0 8
0 0 8
0 0 8
0 0 8
0 0 8
0 0 8
0 0 8
0 0 8
0 0 8
0 0 8
0 0 8
0 0 8
0 0 8
0 0 8
0 0 8
0 0 8
0 0 8
0 0 8
0 0 8
0 0 8
0 0 9
0 0 9
0 0 9
0 0 9
0 0 9
0 0 9
0 0 9
0 0 9
0 0 9
1 0 9
1 0 9
1 0 9
1 0 9
1 0 9
1 0 9
1 0 9
1 0 9
1 0 9
1 0 9
1 0 9
1 0 9
1 0 9
1 0 9
1 0 9
1 0 9
1 0 9
1 0 9
1 0 9
1 0 9
1 0 9
1 0 9
1 0 9
1 0 10
1 0 10
1 0 10
1 0 10
1 0 10
1 0 10
1 0 10
1 0 10
1 0 10
1 0 10
1 0 10
1 0 10
1 0 10
1 0 10
1 0 10
1 0 10
1 0 10
1 0 10
1 0 10
1 0 10
1 0 10
1 0 10
1 0 10
1 0 10
1 0 10
1 0 10
1 0 10
1 0 10
1 0 10
1 0 10
1 0 10
1 0 10
1 0 11
1 0 11
1 0 11
1 0 11
1 0 11
1 0 11
1 0 11
1 0 11
1 0 11
1 0 11
1 0 11
1 0 11
1 0 11
1 0 11
1 0 11
1 0 11
1 0 11
1 0 11
1 0 11
1 0 11
1 0 11
1 0 11
1 0 11
1 0 11
1 0 11
1 0 11
1 0 11
1 0 11
1 0 11
1 0 11
1 0 11
1 0 11
1 0 12
1 0 12
1 0 12
1 0 12
1 0 12
1 0 12
1 0 12
1 0 12
1 0 12
1 0 12
1 0 12
1 0 12
1 0 12
1 0 12
1 0 12
1 0 12
1 0 12
2 0 12
2 0 12
2 0 12
2 0 12
2 0 12
2 0 12
2 0 12
2 0 12
2 0 12
2 0 12
2 0 12
2 0 12
2 0 12
2 0 12
2 0 12
2 0 13
2 0 13
2 0 13
2 0 13
2 0 13
2 0 13
2 0 13
2 0 13
2 0 13
2 0 13
2 0 13
2 0 13
2 0 13
2 0 13
2 0 13
2 0 13
2 0 13
2 0 13
2 0 13
2 0 13
2 0 13
2 0 13
2 0 13
2 0 13
2 0 13
2 0 13
2 0 13
2 0 13
2 0 13
2 0 13
2 0 13
2 0 13
2 0 14
2 0 14
2 0 14
2 0 14
2 0 14
2 0 14
2 0 14
2 0 14
2 0 14
2 0 14
2 0 14
2 0 14
2 0 14
2 0 14
2 0 14
2 0 14
2 0 14
2 0 14
2 0 14
2 0 14
2 0 14
2 0 14
2 0 14
2 0 14
2 0 14
2 0 14
2 0 14
2 0 14
2 0 14
2 0 14
2 0 14
2 0 14
2 0 15
51 5 0
52 5 0
53 5 0
54 5 0
55 6 0
56 6 0
57 6 0
58 6 0
59 7 0
60 7 0
61 7 0
62 7 0
63 8 0
64 8 0
65 8 0
66 9 0
67 9 0
68 9 0
69 10 0
70 10 0
71 10 0
72 11 0
73 11 0
74 11 0
75 12 0
76 12 0
77 12 0
78 13 0
79 13 0
80 13 0
81 14 0
82 14 0
83 15 0
84 15 0
85 15 0
86 16 0
87 16 0
88 17 0
89 17 0
90 18 0
92 18 0
93 18 0
94 19 0
95 19 0
96 20 0
97 20 0
98 21 0
99 21 0
100 22 0
101 22 0
102 23 0
103 23 0
104 24 0
105 24 0
106 25 0
107 25 0
108 26 0
109 26 0
110 27 0
111 27 0
112 28 0
113 28 0
114 29 0
115 29 0
116 30 0
117 30 0
118 31 0
119 32 0
120 32 0
121 33 0
122 33 0
123 34 0
124 35 0
125 35 0
126 36 0
127 36 0
128 37 0
129 38 0
130 38 0
131 39 0
133 40 0
134 40 0
135 41 0
136 41 0
137 42 0
138 43 0
139 43 0
140 44 0
141 45 0
142 46 0
143 46 0
144 47 0
145 48 0
146 48 0
147 49 0
148 50 0
149 50 0
150 51 0
151 52 0
152 53 0
153 53 0
154 54 0
155 55 0
156 56 0
157 56 0
158 57 0
159 58 0
160 59 0
161 60 0
162 60 0
163 61 0
164 62 0
165 63 0
166 64 0
167 64 0
168 65 0
169 66 0
170 67 0
171 68 0
172 69 0
174 69 0
175 70 0
176 71 0
177 72 0
178 73 0
179 74 0
180 75 0
181 75 0
182 76 0
183 77 0
184 78 0
185 79 0
186 80 0
187 81 0
188 82 0
189 83 0
190 84 0
191 85 0
192 85 0
193 86 0
194 87 0
195 88 0
196 89 0
197 90 0
198 91 0
199 92 0
200 93 0
201 94 0
202 95 0
203 96 0
204 97 0
205 98 0
206 99 0
207 100 0
208 101 0
209 102 0
210 103 0
211 104 0
212 105 0
213 106 0
215 107 0
216 108 0
217 110 0
218 111 0
219 112 0
220 113 0
221 114 0
222 115 0
223 116 0
224 117 0
225 118 0
226 119 0
227 120 0
228 122 0
229 123 0
230 124 0
231 125 0
232 126 0
233 127 0
234 128 0
235 130 0
236 131 0
237 132 0
238 133 0
239 134 0
240 135 0
241 137 0
242 138 0
243 139 0
244 140 0
245 141 0
246 143 0
247 144 0
248 145 0
249 146 0
250 148 0
251 149 0
252 150 0
253 151 0
255 152 0
